N 0 2 4 8 
500 0.394266 0.184845 0.098101 0.081168 
600 0.650110 0.328495 0.170053 0.240399 
700 1.108500 0.547080 0.285726 0.440737 
800 2.474260 1.279710 0.659628 0.728910 
900 4.613990 2.377600 1.246300 1.176620 
1000 7.175560 3.698750 1.894900 1.741010 
1100 9.795650 5.029790 2.626180 2.373390 
1200 12.997500 6.686900 3.433030 3.094280 
1300 16.939100 8.525500 4.418020 4.002930 
1400 21.076100 10.847200 5.593840 5.012580 
1500 25.953000 13.237100 6.872240 6.217170 
1600 31.932600 16.378100 8.421210 7.632220 
1700 37.993800 19.489700 10.299300 9.161880 
1800 45.867200 23.634000 12.105700 10.958500 
1900 53.343100 27.268400 14.291200 12.681200 
2000 64.039100 33.037100 17.046000 15.240500 
2100 73.265300 37.648500 19.598600 18.170900 
2200 85.972600 44.739800 22.589900 20.430100 
2300 101.434000 50.807300 26.467800 23.988600 
2400 113.285000 61.504100 30.114400 28.460800 
