N 1 2 3 4 8 
100 0.003828 0.001919 0.001394 0.001066 0.000914 
150 0.011737 0.005380 0.003397 0.002614 0.002194 
200 0.022216 0.010674 0.007627 0.005511 0.005093 
250 0.042825 0.021621 0.014850 0.011580 0.010050 
300 0.077417 0.036744 0.025241 0.019854 0.015959 
350 0.125723 0.064706 0.044371 0.033533 0.027998 
400 0.180986 0.089976 0.063856 0.046394 0.037052 
450 0.271136 0.133487 0.090689 0.071198 0.056568 
500 0.389535 0.190236 0.128927 0.098031 0.081232 
550 0.494704 0.252459 0.175784 0.130650 0.139420 
600 0.648302 0.328546 0.226701 0.170635 0.233674 
650 0.826559 0.422119 0.290451 0.222826 0.327598 
700 1.076850 0.550356 0.382253 0.285282 0.443784 
