1000 7.200850 3.710430 2.252260 2.012240 
1100 9.909760 5.504590 2.834010 2.531760 
1200 13.155100 6.779130 3.474020 3.082340 
1300 16.706600 9.241500 5.270830 4.007460 
1400 21.432800 11.071400 6.330180 5.118110 
1500 26.394800 14.356800 7.353890 6.168680 
1600 32.524400 16.813900 8.560700 7.388750 
1700 38.815800 20.872400 11.752900 10.295500 
1800 46.729700 24.094700 13.472800 11.890800 
1900 54.237200 29.144400 14.963700 13.059800 
2000 64.546300 33.159700 17.000600 15.115600 
2100 74.456200 39.660100 22.289900 17.633300 
2200 87.144900 44.589200 24.619700 20.374100 
2300 101.745000 53.529300 27.421000 23.598100 
2400 114.495000 58.616300 30.896100 26.363700 
2500 128.637000 68.706600 37.349400 33.136200 
2600 147.598000 76.190900 41.701000 37.046600 
2700 164.778000 87.647600 45.513300 39.478300 
2800 187.354000 96.914000 49.465400 46.088500 
2900 209.861000 111.667000 59.943900 53.309100 
