N 1 2 3 4 8 
600 0.647804 0.327476 0.225688 0.169991 0.239906 
900 4.613070 2.376740 1.634000 1.249430 1.178820 
1200 13.034400 6.692150 4.577790 3.427640 3.096890 
1500 25.998700 13.230500 9.078060 6.914730 6.419930 
1800 47.197300 24.009500 16.289500 12.115700 10.980000 
2100 73.170700 37.884700 25.749700 19.512000 17.536600 
2400 122.042000 61.443400 40.010200 29.957300 27.433800 
2700 163.373000 83.812700 57.768800 44.099100 39.308800 
3000 236.372000 128.669000 85.134100 63.152800 59.013600 
3300 323.097000 166.211000 114.159000 86.438700 82.784300 
3600 437.204000 237.920000 158.714000 118.187000 111.977000 
3900 548.047000 276.385000 189.671000 137.200000 133.725000 
4200 725.858000 371.396000 259.052000 197.055000 192.010000 
4500 905.687000 487.682000 320.228000 240.499000 239.290000 
4800 1103.890000 569.211000 395.900000 303.375000 303.462000 
