N 1 2 3 4 8 
100 0.002835 0.001407 0.001127 0.000860 0.000807 
150 0.009673 0.004811 0.003182 0.002525 0.003300 
200 0.022151 0.010660 0.007608 0.005536 0.005116 
250 0.042778 0.021140 0.014935 0.011588 0.010044 
300 0.075320 0.037013 0.025469 0.020044 0.015969 
350 0.127406 0.064682 0.044575 0.033513 0.027769 
400 0.180474 0.090358 0.063998 0.046776 0.037165 
450 0.262748 0.133748 0.090722 0.071117 0.056532 
500 0.375732 0.184511 0.128753 0.098164 0.081198 
550 0.511203 0.252232 0.175580 0.130741 0.140447 
600 0.688288 0.328501 0.226352 0.169543 0.240024 
650 0.826631 0.421752 0.290322 0.222857 0.328071 
700 1.069490 0.558119 0.386528 0.290936 0.439158 
750 1.586280 0.798761 0.538798 0.408148 0.571573 
800 2.474350 1.275140 0.887751 0.660560 0.728479 
850 3.543790 1.811520 1.256590 0.949794 0.933843 
900 4.650140 2.388540 1.635820 1.249270 1.178560 
